%Luca = 040
%Nathan = 449

E1 = 4;
E2 = 8;
E3 = 9;
